1.985214
1.985086
1.986327
1.987549
1.988136
1.988765
1.989856
1.990961
1.992088
1.993468
1.995578
1.998063
1.999924
2.001171
2.002206
2.003051
2.003617
2.004081
2.003949
2.003527
2.002882
2.002074
2.000945
1.999980
1.999174
1.998281
1.997606
1.996831
1.996021
1.995663
1.993807
1.992256
1.990983
1.989978
1.989163
1.988577
1.987942
1.987281
1.986742
1.986758
1.986915
1.987522
1.988186
1.989183
1.990375
1.991943
1.993814
1.995939
1.998027
2.000492
2.002962
2.006036
2.008969
2.011902
2.015048
2.018002
2.020550
2.022640
2.024498
2.026652
2.028934
2.031174
2.033420
2.035901
2.038357
2.040834
2.043245
2.045696
2.048156
2.050323
2.052629
2.055030
2.057456
2.059831
2.062448
2.064525
2.066312
2.067628
2.069002
2.070008
2.070587
2.070489
2.070411
2.070387
2.070090
2.069336
2.069197
2.068744
2.068222
2.067106
2.065710
2.064519
2.063322
2.061868
2.060345
2.059397
2.058405
2.056967
2.055133
2.055631
2.055964
2.055956
2.055870
2.055688
2.055797
2.055252
2.054260
2.052872
2.051544
2.050022
2.047838
2.045472
2.043081
2.040298
2.037024
2.034822
2.032067
2.029499
2.026965
2.023640
2.019977
2.016383
2.012850
2.009413
2.006082
2.002431
1.999489
1.996692
1.994449
1.992131
1.989989
1.987951
1.986215
1.984357
1.982176
1.979868
1.977267
1.974932
1.973045
1.971307
1.969631
1.967952
1.966713
1.965048
1.963303
1.961252
1.959317
1.957609
1.956065
1.954339
1.952553
1.950886
1.949320
1.947535
1.946060
1.944797
1.943642
1.943035
1.942714
1.942658
1.942857
1.943169
1.943264
1.943879
1.944277
1.945053
1.945859
1.946592
1.946617
1.946361
1.945989
1.946043
1.946474
1.946188
1.946004
1.945837
1.945898
1.946133
1.946515
1.946851
1.947336
1.948238
1.949468
1.950510
1.951922
1.953573
1.955121
1.957157
1.959517
1.961780
1.963799
1.965939
1.967974
1.970064
1.972187
1.974450
1.976568
1.978658
1.980212
1.981476
1.982218
1.982576
1.982350
1.982217
1.982076
1.981579
1.980886
1.980017
1.979594
1.979008
1.978483
1.977807
1.976869
1.975990
1.975195
1.974629
1.973981
1.973130
1.972517
1.971426
1.970080
1.968877
1.967432
1.966334
1.965015
1.963674
1.962215
1.961109
1.960077
1.958199
1.955962
1.953876
1.952213
1.950426
1.948853
1.946727
1.944668
1.942995
1.941445
1.940332
1.939650
1.939016
1.938882
1.938709
1.938326
1.938252
1.938613
1.939238
1.939972
1.941017
1.942738
1.944918
1.947327
1.950281
1.953553
1.957411
1.961301
1.965260
1.970448
1.975549
1.980943
1.986371
1.992236
1.997707
2.003034
2.008375
2.013971
2.019501
2.025764
2.032399
2.039175
2.046612
2.054931
2.063630
2.072735
2.082628
2.092970
2.103951
2.115425
2.126666
2.138343
2.150187
2.162448
2.174616
2.186554
2.197689
2.207774
2.217380
2.228121
2.238525
2.248612
2.257783
2.266527
2.274895
2.282728
2.290231
2.296944
2.303183
2.309368
2.315212
2.321042
2.327592
2.333738
2.339964
2.345733
2.351389
2.356458
2.361382
2.365292
2.369301
2.373076
2.376721
2.380062
2.383544
2.386650
2.389576
2.392288
2.394558
2.396372
2.398049
2.399437
2.400397
2.401282
2.402203
2.402844
2.402819
2.402836
2.402909
2.402890
2.402300
2.401989
2.401756
2.401799
2.402161
2.402627
2.403321
2.404411
2.405825
2.407271
2.408868
2.410777
2.413280
2.415910
2.418568
2.421596
2.424798
2.428189
2.431821
2.435175
2.438828
2.442854
2.446999
2.450896
2.454573
2.458046
2.460746
2.463681
2.466394
2.468872
2.470974
2.473170
2.475821
2.478436
2.480195
2.481897
2.483938
2.486563
2.489178
2.491112
2.493293
2.495366
2.497364
2.499358
2.500930
2.502455
2.503924
2.505973
2.507680
2.509383
2.510875
2.512689
2.514242
2.515690
2.517255
2.519073
2.520290
2.521893
2.523193
2.524314
2.526423
2.528215
2.529588
2.531072
2.532464
2.533386
2.533543
2.533657
2.533624
2.533186
2.532387
2.531236
2.529747
2.528145
2.526721
2.525161
2.523100
2.521230
2.519345
2.517318
2.515150
2.513246
2.510947
2.508504
2.506310
2.504227
2.502078
2.499755
2.497343
2.494836
2.492188
2.489277
2.486136
2.482786
2.479224
2.475495
2.471673
2.467894
2.463991
2.459687
2.455687
2.452180
2.448832
2.445452
2.442073
2.438424
2.434585
2.430940
2.427819
2.424841
2.421713
2.418837
2.416146
2.413388
2.410939
2.408876
2.406935
2.405570
2.405013
2.404603
2.404790
2.404805
2.404902
2.405327
2.405489
2.405763
2.405790
2.405672
2.405319
