2.082684
2.085181
2.088216
2.091831
2.096336
2.100466
2.103199
2.105468
2.107417
2.108535
2.109183
2.110239
2.110380
2.109194
2.107469
2.104895
2.101796
2.098621
2.095414
2.092525
2.089319
2.086172
2.082221
2.079116
2.076556
2.074239
2.072080
2.070442
2.069103
2.068232
2.066571
2.065644
2.065170
2.065678
2.067346
2.068947
2.071310
2.073778
2.076542
2.079279
2.082373
2.085808
2.089575
2.093735
2.097929
2.102403
2.106577
2.110850
2.114822
2.118234
2.121636
2.124445
2.126440
2.128259
2.130398
2.132114
2.133406
2.134233
2.134740
2.134699
2.135130
2.135376
2.135449
2.135813
2.136748
2.137600
2.139276
2.140713
2.142531
2.144539
2.146396
2.148459
2.150258
2.152061
2.153566
2.154875
2.155600
2.156304
2.156868
2.156690
2.155975
2.155408
2.154266
2.153317
2.152403
2.151093
2.149945
2.148589
2.147703
2.146641
2.145662
2.145799
2.145556
2.145214
2.145288
2.145768
2.146769
2.148075
2.149375
2.151206
2.153120
2.155118
2.156892
2.158421
2.160058
2.161554
2.162800
2.164179
2.165104
2.166137
2.166999
2.167881
2.168428
2.168614
2.168185
2.168035
2.167230
2.166162
2.165225
2.163789
2.162949
2.161783
2.160710
2.159525
2.157975
2.156721
2.156006
2.155294
2.155462
2.155985
2.156344
2.156898
2.157825
2.158358
2.159781
2.161404
2.162161
2.162614
2.162900
2.163166
2.163526
2.164149
2.164324
2.163976
2.163588
2.163585
2.163523
2.163024
2.162164
2.161058
2.160486
2.159843
2.158924
2.157807
2.156766
2.155625
2.154438
2.153199
2.152019
2.150816
2.149813
2.148677
2.147196
2.145576
2.143926
2.142686
2.141429
2.140513
2.139561
2.137729
2.136059
2.134097
2.132473
2.131044
2.129405
2.127973
2.126780
2.125542
2.124407
2.123375
2.122759
2.122352
2.122448
2.123577
2.124729
2.125794
2.127102
2.128032
2.128900
2.130285
2.131228
2.132073
2.133168
2.133981
2.134761
2.135474
2.135884
2.136432
2.136823
2.137138
2.136989
2.136593
2.135638
2.134735
2.134172
2.133573
2.133166
2.132059
2.131161
2.130122
2.128993
2.127965
2.126543
2.125009
2.124677
2.124205
2.124003
2.122967
2.121828
2.120149
2.118372
2.116690
2.114800
2.112645
2.110597
2.108794
2.106906
2.104450
2.102286
2.098645
2.095034
2.091687
2.088342
2.085175
2.082077
2.078453
2.075032
2.072304
2.069711
2.067971
2.066447
2.065365
2.064693
2.064661
2.065595
2.066844
2.068388
2.070238
2.072121
2.074441
2.076654
2.078572
2.080936
2.083187
2.085607
2.088294
2.090628
2.092839
2.094430
2.095786
2.096908
2.097714
2.098107
2.097899
2.096868
2.095451
2.093432
2.090710
2.088037
2.085065
2.081831
2.078539
2.075571
2.072920
2.070062
2.067360
2.065079
2.063034
2.061205
2.059253
2.057643
2.055944
2.054438
2.052629
2.051051
2.049210
2.045806
2.042989
2.040795
2.038805
2.037152
2.035211
2.033665
2.032664
2.032140
2.032406
2.033175
2.034173
2.035533
2.037329
2.039450
2.043343
2.046934
2.050705
2.054550
2.058224
2.061104
2.063599
2.067579
2.070899
2.073392
2.075407
2.076652
2.077270
2.077028
2.076500
2.075412
2.073847
2.071330
2.068364
2.064711
2.060973
2.057264
2.053262
2.049468
2.046166
2.043133
2.037655
2.032736
2.028570
2.024894
2.022020
2.019527
2.017907
2.016991
2.016841
2.017514
2.018873
2.020942
2.023917
2.027416
2.031386
2.035722
2.040753
2.045850
2.051044
2.055935
2.060243
2.064448
2.068152
2.071590
2.075063
2.078148
2.081311
2.083509
2.085073
2.086391
2.087695
2.088895
2.089940
2.090923
2.091821
2.092582
2.093280
2.093714
2.094401
2.096109
2.097932
2.099069
2.100914
2.103055
2.105067
2.108115
2.111000
2.113657
2.116300
2.119099
2.122231
2.125390
2.128822
2.132487
2.136101
2.139546
2.142752
2.146131
2.149241
2.153221
2.157089
2.160558
2.163404
2.165813
2.168298
2.170658
2.172372
2.173707
2.174597
2.174763
2.174654
2.173770
2.172204
2.170328
2.167968
2.165231
2.162247
2.159165
2.156254
2.153443
2.150223
2.148236
2.146149
2.144010
2.141794
2.139758
2.137427
2.135832
2.134680
2.133225
2.131609
2.129700
2.127637
2.125640
2.123467
2.121396
2.119258
2.117109
2.115464
2.114130
2.112847
2.111442
2.110261
2.110241
2.110395
2.110461
2.110127
2.109956
2.109619
2.108818
2.108040
2.107008
2.105702
2.104336
2.102615
2.100700
2.098514
2.096039
2.093386
2.091055
2.088835
2.086232
2.083885
2.081105
2.079006
2.076684
2.074373
2.072419
2.070893
2.069944
2.068896
