0.521666
0.521786
0.521927
0.522167
0.522455
0.522775
0.523017
0.523230
0.523470
0.523830
0.524060
0.524198
0.524187
0.524130
0.523973
0.523776
0.523531
0.523290
0.523063
0.522872
0.522762
0.522765
0.522794
0.522851
0.522936
0.523036
0.523149
0.523185
0.523131
0.522990
0.522810
0.522562
0.522284
0.521956
0.521614
0.521253
0.520904
0.520593
0.520283
0.520051
0.519828
0.519668
0.519572
0.519530
0.519417
0.519382
0.519331
0.519288
0.519296
0.519299
0.519391
0.519396
0.519407
0.519396
0.519360
0.519241
0.519066
0.518807
0.518477
0.518146
0.517826
0.517479
0.517071
0.516691
0.516299
0.515868
0.515402
0.514873
0.514344
0.513794
0.513206
0.512718
0.512317
0.511981
0.511787
0.511693
0.511570
0.511509
0.511494
0.511458
0.511520
0.511700
0.511933
0.512190
0.512550
0.512998
0.513379
0.513674
0.513943
0.514191
0.514351
0.514454
0.514389
0.514242
0.514058
0.513813
0.513498
0.513096
0.512702
0.512229
0.511724
0.511243
0.510750
0.510345
0.509934
0.509543
0.509142
0.508738
0.508374
0.507991
0.507612
0.507366
0.507032
0.506600
0.506200
0.505836
0.505540
0.505316
0.505232
0.505181
0.505179
0.505105
0.505052
0.504990
0.504964
0.504998
0.505066
0.505157
0.505323
0.505528
0.505779
0.506066
0.506411
0.506824
0.507287
0.507848
0.508373
0.508860
0.509326
0.509748
0.510140
0.510493
0.510776
0.510949
0.511007
0.511031
0.510949
0.510826
0.510612
0.510313
0.509986
0.509629
0.509233
0.508868
0.508468
0.508088
0.507660
0.507431
0.507325
0.507253
0.507177
0.507155
0.507129
0.507143
0.507223
0.507315
0.507519
0.507687
0.507795
0.507896
0.508003
0.508074
0.508108
0.508026
0.507895
0.507689
0.507425
0.507181
0.506872
0.506587
0.506249
0.505955
0.505629
0.505314
0.504968
0.504667
0.504426
0.504227
0.504148
0.504149
0.504236
0.504341
0.504421
0.504513
0.504578
0.504644
0.504777
0.504927
0.505040
0.505125
0.505121
0.505097
0.505014
0.504888
0.504721
0.504434
0.504083
0.503663
0.503224
0.502769
0.502346
0.501844
0.501255
0.500637
0.500030
0.499488
0.498856
0.498161
0.497519
0.496932
0.496384
0.495922
0.495566
0.495271
0.494965
0.494657
0.494348
0.494083
0.493805
0.493598
0.493448
0.493341
0.493294
0.493384
0.493678
0.494014
0.494478
0.495009
0.495600
0.496249
0.496989
0.497681
0.498413
0.499329
0.500252
0.501144
0.502050
0.503015
0.503963
0.504963
0.505943
0.506902
0.507834
0.508732
0.509638
0.510522
0.511375
0.512039
0.512608
0.513016
0.513368
0.513571
0.513649
0.513665
0.513592
0.513310
0.513006
0.512606
0.512106
0.511626
0.511131
0.510612
0.510087
0.509502
0.508885
0.508212
0.507476
0.506664
0.505781
0.504917
0.504069
0.503265
0.502443
0.501688
0.500968
0.500263
0.499596
0.498902
0.498160
0.497414
0.496708
0.496078
0.495448
0.494838
0.494192
0.493587
0.493062
0.492567
0.492142
0.491829
0.491640
0.491544
0.491632
0.491820
0.491978
0.492202
0.492602
0.493009
0.493530
0.494054
0.494595
0.495151
0.495723
0.496193
0.496463
0.496549
0.496570
0.496557
0.496610
0.496707
0.496769
0.496855
0.497022
0.497238
0.497503
0.497912
0.498380
0.498926
0.499540
0.500207
0.500868
0.501600
0.502298
0.502913
0.503426
0.503893
0.504241
0.504549
0.504675
0.504810
0.504986
0.505220
0.505545
0.505907
0.506347
0.506802
0.507288
0.507784
0.508336
0.508879
0.509347
0.509710
0.510076
0.510425
0.510719
0.510996
0.511236
0.511414
0.511585
0.511743
0.511830
0.511883
0.511842
0.511767
0.511740
0.511679
0.511462
0.511209
0.510892
0.510558
0.510088
0.509516
0.508876
0.508106
0.507271
0.506336
0.505306
0.504275
0.503245
0.502313
0.501399
0.500467
0.499628
0.498813
0.498020
0.497327
0.496654
0.496092
0.495592
0.495133
0.494720
0.494399
0.494223
0.494121
0.494184
0.494290
0.494456
0.494606
0.494752
0.494939
0.495202
0.495440
0.495748
0.495995
0.496333
0.496819
0.497340
0.498011
0.498736
0.499514
0.500301
0.501045
0.501830
0.502465
0.503108
0.503714
0.504248
0.504673
0.505042
0.505354
0.505597
0.505756
0.505786
0.505823
0.505851
0.505801
0.505663
0.505421
0.505101
0.504744
0.504437
0.504160
0.503991
0.503880
0.503833
0.503768
0.503657
0.503528
0.503403
0.503239
0.503064
0.502852
0.502676
0.502456
0.502215
0.502019
0.501818
0.501673
0.501550
0.501487
0.501402
0.501321
0.501200
0.500985
0.500715
0.500409
0.500061
0.499633
